{
 "cells": [
  {
   "cell_type": "markdown",
   "metadata": {},
   "source": [
    "### DISCLAIMER!\n",
    "*Before proceeding, please make sure that you note the following important information*:\n",
    "\n",
    "*NOT FINANCIAL ADVICE!*\n",
    "\n",
    "*My content is intended to be used and must be used for informational and educational purposes only*. \n",
    "*I am not an attorney, accountant, or financial advisor, nor am I holding myself out to be, and the information contained on this blog/notebook is not a substitute for financial advice None of the information contained here constitutes an offer (or solicitation of an offer) to buy or sell any security or financial instrument, to make any investment, or to participate in any particular trading strategy. Always seek advice from a professional who is aware of the facts and circumstances of your individual situation. Or, Independently research and verify any information that you find on my blog/notebook and wish to rely upon in making any investment decision or otherwise. I accept no liability whatsoever for any loss or damage you may incur*\n"
   ]
  },
  {
   "cell_type": "code",
   "execution_count": 1,
   "metadata": {},
   "outputs": [],
   "source": [
    "#Importing all the relevant librabries and modules\n",
    "import numpy as np\n",
    "import pandas as pd\n",
    "import yfinance as yf\n",
    "from pandas_datareader import data as wb\n",
    "from chart_studio import plotly as py\n",
    "import plotly.express as px\n",
    "import plotly.graph_objs as go\n",
    "import plotly.figure_factory as ff\n",
    "import matplotlib.pyplot as plt\n",
    "%matplotlib inline\n",
    "plt.style.use('seaborn-darkgrid')"
   ]
  },
  {
   "cell_type": "markdown",
   "metadata": {},
   "source": [
    "### Portfolio construction and analysis: "
   ]
  },
  {
   "cell_type": "code",
   "execution_count": 2,
   "metadata": {},
   "outputs": [
    {
     "name": "stdout",
     "output_type": "stream",
     "text": [
      "[*********************100%***********************]  1 of 1 completed\n",
      "[*********************100%***********************]  1 of 1 completed\n",
      "[*********************100%***********************]  1 of 1 completed\n",
      "[*********************100%***********************]  1 of 1 completed\n",
      "[*********************100%***********************]  1 of 1 completed\n",
      "[*********************100%***********************]  1 of 1 completed\n",
      "[*********************100%***********************]  1 of 1 completed\n",
      "[*********************100%***********************]  1 of 1 completed\n",
      "[*********************100%***********************]  1 of 1 completed\n",
      "[*********************100%***********************]  1 of 1 completed\n",
      "[*********************100%***********************]  1 of 1 completed\n",
      "[*********************100%***********************]  1 of 1 completed\n",
      "[*********************100%***********************]  1 of 1 completed\n",
      "[*********************100%***********************]  1 of 1 completed\n",
      "[*********************100%***********************]  1 of 1 completed\n",
      "[*********************100%***********************]  1 of 1 completed\n",
      "[*********************100%***********************]  1 of 1 completed\n",
      "[*********************100%***********************]  1 of 1 completed\n",
      "[*********************100%***********************]  1 of 1 completed\n",
      "[*********************100%***********************]  1 of 1 completed\n"
     ]
    }
   ],
   "source": [
    "# importing the data from yahoo finance and exploring the data\n",
    "assets = ['TXN','CSCO','INTC','AAPL','MSFT',\n",
    "          'NVDA','INFY','INTU','SAP','ADI',\n",
    "          'ANSS','CRM','ADBE','FB','AMD',\n",
    "          'AMZN','MA','VMW','GOOG','SNPS']\n",
    "pf_data = pd.DataFrame()\n",
    "for a in assets:\n",
    "    pf_data[a] = yf.download(a, start=\"2012-05-20\", end=\"2021-12-31\", index_col = 'Date', parse_dates=True)['Adj Close'] "
   ]
  },
  {
   "cell_type": "code",
   "execution_count": 3,
   "metadata": {},
   "outputs": [
    {
     "data": {
      "text/html": [
       "<div>\n",
       "<style scoped>\n",
       "    .dataframe tbody tr th:only-of-type {\n",
       "        vertical-align: middle;\n",
       "    }\n",
       "\n",
       "    .dataframe tbody tr th {\n",
       "        vertical-align: top;\n",
       "    }\n",
       "\n",
       "    .dataframe thead th {\n",
       "        text-align: right;\n",
       "    }\n",
       "</style>\n",
       "<table border=\"1\" class=\"dataframe\">\n",
       "  <thead>\n",
       "    <tr style=\"text-align: right;\">\n",
       "      <th></th>\n",
       "      <th>TXN</th>\n",
       "      <th>CSCO</th>\n",
       "      <th>INTC</th>\n",
       "      <th>AAPL</th>\n",
       "      <th>MSFT</th>\n",
       "      <th>NVDA</th>\n",
       "      <th>INFY</th>\n",
       "      <th>INTU</th>\n",
       "      <th>SAP</th>\n",
       "      <th>ADI</th>\n",
       "      <th>ANSS</th>\n",
       "      <th>CRM</th>\n",
       "      <th>ADBE</th>\n",
       "      <th>FB</th>\n",
       "      <th>AMD</th>\n",
       "      <th>AMZN</th>\n",
       "      <th>MA</th>\n",
       "      <th>VMW</th>\n",
       "      <th>GOOG</th>\n",
       "      <th>SNPS</th>\n",
       "    </tr>\n",
       "    <tr>\n",
       "      <th>Date</th>\n",
       "      <th></th>\n",
       "      <th></th>\n",
       "      <th></th>\n",
       "      <th></th>\n",
       "      <th></th>\n",
       "      <th></th>\n",
       "      <th></th>\n",
       "      <th></th>\n",
       "      <th></th>\n",
       "      <th></th>\n",
       "      <th></th>\n",
       "      <th></th>\n",
       "      <th></th>\n",
       "      <th></th>\n",
       "      <th></th>\n",
       "      <th></th>\n",
       "      <th></th>\n",
       "      <th></th>\n",
       "      <th></th>\n",
       "      <th></th>\n",
       "    </tr>\n",
       "  </thead>\n",
       "  <tbody>\n",
       "    <tr>\n",
       "      <th>2012-05-21</th>\n",
       "      <td>22.764721</td>\n",
       "      <td>12.278630</td>\n",
       "      <td>19.634386</td>\n",
       "      <td>17.164623</td>\n",
       "      <td>24.347107</td>\n",
       "      <td>2.821950</td>\n",
       "      <td>4.207326</td>\n",
       "      <td>50.348270</td>\n",
       "      <td>51.226322</td>\n",
       "      <td>28.219660</td>\n",
       "      <td>61.000000</td>\n",
       "      <td>37.262501</td>\n",
       "      <td>32.009998</td>\n",
       "      <td>34.029999</td>\n",
       "      <td>6.30</td>\n",
       "      <td>218.110001</td>\n",
       "      <td>38.773228</td>\n",
       "      <td>69.075218</td>\n",
       "      <td>305.908386</td>\n",
       "      <td>28.040001</td>\n",
       "    </tr>\n",
       "    <tr>\n",
       "      <th>2012-05-22</th>\n",
       "      <td>22.672050</td>\n",
       "      <td>12.322826</td>\n",
       "      <td>19.544291</td>\n",
       "      <td>17.032824</td>\n",
       "      <td>24.355293</td>\n",
       "      <td>2.787508</td>\n",
       "      <td>4.262771</td>\n",
       "      <td>51.022614</td>\n",
       "      <td>51.139191</td>\n",
       "      <td>28.164587</td>\n",
       "      <td>61.750000</td>\n",
       "      <td>37.362499</td>\n",
       "      <td>32.009998</td>\n",
       "      <td>31.000000</td>\n",
       "      <td>6.16</td>\n",
       "      <td>215.330002</td>\n",
       "      <td>39.043308</td>\n",
       "      <td>68.748138</td>\n",
       "      <td>299.278229</td>\n",
       "      <td>28.040001</td>\n",
       "    </tr>\n",
       "    <tr>\n",
       "      <th>2012-05-23</th>\n",
       "      <td>22.502163</td>\n",
       "      <td>12.293360</td>\n",
       "      <td>19.101295</td>\n",
       "      <td>17.448427</td>\n",
       "      <td>23.823338</td>\n",
       "      <td>2.856392</td>\n",
       "      <td>4.215075</td>\n",
       "      <td>51.460030</td>\n",
       "      <td>51.235039</td>\n",
       "      <td>28.070181</td>\n",
       "      <td>62.119999</td>\n",
       "      <td>37.652500</td>\n",
       "      <td>32.180000</td>\n",
       "      <td>32.000000</td>\n",
       "      <td>6.08</td>\n",
       "      <td>217.279999</td>\n",
       "      <td>39.388000</td>\n",
       "      <td>69.177422</td>\n",
       "      <td>303.592072</td>\n",
       "      <td>28.200001</td>\n",
       "    </tr>\n",
       "    <tr>\n",
       "      <th>2012-05-24</th>\n",
       "      <td>22.309116</td>\n",
       "      <td>12.072392</td>\n",
       "      <td>19.258968</td>\n",
       "      <td>17.288181</td>\n",
       "      <td>23.790604</td>\n",
       "      <td>2.780619</td>\n",
       "      <td>4.290594</td>\n",
       "      <td>51.387138</td>\n",
       "      <td>50.276562</td>\n",
       "      <td>28.321932</td>\n",
       "      <td>61.689999</td>\n",
       "      <td>36.552502</td>\n",
       "      <td>31.540001</td>\n",
       "      <td>33.029999</td>\n",
       "      <td>6.02</td>\n",
       "      <td>215.240005</td>\n",
       "      <td>39.646770</td>\n",
       "      <td>65.027603</td>\n",
       "      <td>300.702881</td>\n",
       "      <td>29.850000</td>\n",
       "    </tr>\n",
       "    <tr>\n",
       "      <th>2012-05-25</th>\n",
       "      <td>22.347729</td>\n",
       "      <td>12.028196</td>\n",
       "      <td>19.326548</td>\n",
       "      <td>17.195515</td>\n",
       "      <td>23.782415</td>\n",
       "      <td>2.847208</td>\n",
       "      <td>4.219050</td>\n",
       "      <td>51.441818</td>\n",
       "      <td>49.727615</td>\n",
       "      <td>28.471413</td>\n",
       "      <td>62.090000</td>\n",
       "      <td>36.750000</td>\n",
       "      <td>31.600000</td>\n",
       "      <td>31.910000</td>\n",
       "      <td>6.22</td>\n",
       "      <td>212.889999</td>\n",
       "      <td>39.092419</td>\n",
       "      <td>64.066803</td>\n",
       "      <td>294.660553</td>\n",
       "      <td>29.889999</td>\n",
       "    </tr>\n",
       "  </tbody>\n",
       "</table>\n",
       "</div>"
      ],
      "text/plain": [
       "                  TXN       CSCO       INTC       AAPL       MSFT      NVDA  \\\n",
       "Date                                                                          \n",
       "2012-05-21  22.764721  12.278630  19.634386  17.164623  24.347107  2.821950   \n",
       "2012-05-22  22.672050  12.322826  19.544291  17.032824  24.355293  2.787508   \n",
       "2012-05-23  22.502163  12.293360  19.101295  17.448427  23.823338  2.856392   \n",
       "2012-05-24  22.309116  12.072392  19.258968  17.288181  23.790604  2.780619   \n",
       "2012-05-25  22.347729  12.028196  19.326548  17.195515  23.782415  2.847208   \n",
       "\n",
       "                INFY       INTU        SAP        ADI       ANSS        CRM  \\\n",
       "Date                                                                          \n",
       "2012-05-21  4.207326  50.348270  51.226322  28.219660  61.000000  37.262501   \n",
       "2012-05-22  4.262771  51.022614  51.139191  28.164587  61.750000  37.362499   \n",
       "2012-05-23  4.215075  51.460030  51.235039  28.070181  62.119999  37.652500   \n",
       "2012-05-24  4.290594  51.387138  50.276562  28.321932  61.689999  36.552502   \n",
       "2012-05-25  4.219050  51.441818  49.727615  28.471413  62.090000  36.750000   \n",
       "\n",
       "                 ADBE         FB   AMD        AMZN         MA        VMW  \\\n",
       "Date                                                                       \n",
       "2012-05-21  32.009998  34.029999  6.30  218.110001  38.773228  69.075218   \n",
       "2012-05-22  32.009998  31.000000  6.16  215.330002  39.043308  68.748138   \n",
       "2012-05-23  32.180000  32.000000  6.08  217.279999  39.388000  69.177422   \n",
       "2012-05-24  31.540001  33.029999  6.02  215.240005  39.646770  65.027603   \n",
       "2012-05-25  31.600000  31.910000  6.22  212.889999  39.092419  64.066803   \n",
       "\n",
       "                  GOOG       SNPS  \n",
       "Date                               \n",
       "2012-05-21  305.908386  28.040001  \n",
       "2012-05-22  299.278229  28.040001  \n",
       "2012-05-23  303.592072  28.200001  \n",
       "2012-05-24  300.702881  29.850000  \n",
       "2012-05-25  294.660553  29.889999  "
      ]
     },
     "execution_count": 3,
     "metadata": {},
     "output_type": "execute_result"
    }
   ],
   "source": [
    "pf_data.head()"
   ]
  },
  {
   "cell_type": "code",
   "execution_count": 4,
   "metadata": {},
   "outputs": [
    {
     "name": "stdout",
     "output_type": "stream",
     "text": [
      "<class 'pandas.core.frame.DataFrame'>\n",
      "DatetimeIndex: 2420 entries, 2012-05-21 to 2021-12-30\n",
      "Data columns (total 20 columns):\n",
      " #   Column  Non-Null Count  Dtype  \n",
      "---  ------  --------------  -----  \n",
      " 0   TXN     2420 non-null   float64\n",
      " 1   CSCO    2420 non-null   float64\n",
      " 2   INTC    2420 non-null   float64\n",
      " 3   AAPL    2420 non-null   float64\n",
      " 4   MSFT    2420 non-null   float64\n",
      " 5   NVDA    2420 non-null   float64\n",
      " 6   INFY    2420 non-null   float64\n",
      " 7   INTU    2420 non-null   float64\n",
      " 8   SAP     2420 non-null   float64\n",
      " 9   ADI     2420 non-null   float64\n",
      " 10  ANSS    2420 non-null   float64\n",
      " 11  CRM     2420 non-null   float64\n",
      " 12  ADBE    2420 non-null   float64\n",
      " 13  FB      2420 non-null   float64\n",
      " 14  AMD     2420 non-null   float64\n",
      " 15  AMZN    2420 non-null   float64\n",
      " 16  MA      2420 non-null   float64\n",
      " 17  VMW     2420 non-null   float64\n",
      " 18  GOOG    2420 non-null   float64\n",
      " 19  SNPS    2420 non-null   float64\n",
      "dtypes: float64(20)\n",
      "memory usage: 397.0 KB\n"
     ]
    }
   ],
   "source": [
    "#Check to see if there are any missing values\n",
    "pf_data.info()"
   ]
  },
  {
   "cell_type": "markdown",
   "metadata": {},
   "source": [
    "I’ll use a built-in method in DataFrame that computes the percent change from one row to another"
   ]
  },
  {
   "cell_type": "code",
   "execution_count": 5,
   "metadata": {},
   "outputs": [
    {
     "data": {
      "text/html": [
       "<div>\n",
       "<style scoped>\n",
       "    .dataframe tbody tr th:only-of-type {\n",
       "        vertical-align: middle;\n",
       "    }\n",
       "\n",
       "    .dataframe tbody tr th {\n",
       "        vertical-align: top;\n",
       "    }\n",
       "\n",
       "    .dataframe thead th {\n",
       "        text-align: right;\n",
       "    }\n",
       "</style>\n",
       "<table border=\"1\" class=\"dataframe\">\n",
       "  <thead>\n",
       "    <tr style=\"text-align: right;\">\n",
       "      <th></th>\n",
       "      <th>TXN</th>\n",
       "      <th>CSCO</th>\n",
       "      <th>INTC</th>\n",
       "      <th>AAPL</th>\n",
       "      <th>MSFT</th>\n",
       "      <th>NVDA</th>\n",
       "      <th>INFY</th>\n",
       "      <th>INTU</th>\n",
       "      <th>SAP</th>\n",
       "      <th>ADI</th>\n",
       "      <th>ANSS</th>\n",
       "      <th>CRM</th>\n",
       "      <th>ADBE</th>\n",
       "      <th>FB</th>\n",
       "      <th>AMD</th>\n",
       "      <th>AMZN</th>\n",
       "      <th>MA</th>\n",
       "      <th>VMW</th>\n",
       "      <th>GOOG</th>\n",
       "      <th>SNPS</th>\n",
       "    </tr>\n",
       "    <tr>\n",
       "      <th>Date</th>\n",
       "      <th></th>\n",
       "      <th></th>\n",
       "      <th></th>\n",
       "      <th></th>\n",
       "      <th></th>\n",
       "      <th></th>\n",
       "      <th></th>\n",
       "      <th></th>\n",
       "      <th></th>\n",
       "      <th></th>\n",
       "      <th></th>\n",
       "      <th></th>\n",
       "      <th></th>\n",
       "      <th></th>\n",
       "      <th></th>\n",
       "      <th></th>\n",
       "      <th></th>\n",
       "      <th></th>\n",
       "      <th></th>\n",
       "      <th></th>\n",
       "    </tr>\n",
       "  </thead>\n",
       "  <tbody>\n",
       "    <tr>\n",
       "      <th>2012-05-22</th>\n",
       "      <td>-0.004071</td>\n",
       "      <td>0.003599</td>\n",
       "      <td>-0.004589</td>\n",
       "      <td>-0.007679</td>\n",
       "      <td>0.000336</td>\n",
       "      <td>-0.012205</td>\n",
       "      <td>0.013178</td>\n",
       "      <td>0.013394</td>\n",
       "      <td>-0.001701</td>\n",
       "      <td>-0.001952</td>\n",
       "      <td>0.012295</td>\n",
       "      <td>0.002684</td>\n",
       "      <td>0.000000</td>\n",
       "      <td>-0.089039</td>\n",
       "      <td>-0.022222</td>\n",
       "      <td>-0.012746</td>\n",
       "      <td>0.006966</td>\n",
       "      <td>-0.004735</td>\n",
       "      <td>-0.021674</td>\n",
       "      <td>0.000000</td>\n",
       "    </tr>\n",
       "    <tr>\n",
       "      <th>2012-05-23</th>\n",
       "      <td>-0.007493</td>\n",
       "      <td>-0.002391</td>\n",
       "      <td>-0.022666</td>\n",
       "      <td>0.024400</td>\n",
       "      <td>-0.021841</td>\n",
       "      <td>0.024712</td>\n",
       "      <td>-0.011189</td>\n",
       "      <td>0.008573</td>\n",
       "      <td>0.001874</td>\n",
       "      <td>-0.003352</td>\n",
       "      <td>0.005992</td>\n",
       "      <td>0.007762</td>\n",
       "      <td>0.005311</td>\n",
       "      <td>0.032258</td>\n",
       "      <td>-0.012987</td>\n",
       "      <td>0.009056</td>\n",
       "      <td>0.008828</td>\n",
       "      <td>0.006244</td>\n",
       "      <td>0.014414</td>\n",
       "      <td>0.005706</td>\n",
       "    </tr>\n",
       "    <tr>\n",
       "      <th>2012-05-24</th>\n",
       "      <td>-0.008579</td>\n",
       "      <td>-0.017975</td>\n",
       "      <td>0.008255</td>\n",
       "      <td>-0.009184</td>\n",
       "      <td>-0.001374</td>\n",
       "      <td>-0.026527</td>\n",
       "      <td>0.017916</td>\n",
       "      <td>-0.001416</td>\n",
       "      <td>-0.018707</td>\n",
       "      <td>0.008969</td>\n",
       "      <td>-0.006922</td>\n",
       "      <td>-0.029214</td>\n",
       "      <td>-0.019888</td>\n",
       "      <td>0.032187</td>\n",
       "      <td>-0.009868</td>\n",
       "      <td>-0.009389</td>\n",
       "      <td>0.006570</td>\n",
       "      <td>-0.059988</td>\n",
       "      <td>-0.009517</td>\n",
       "      <td>0.058511</td>\n",
       "    </tr>\n",
       "    <tr>\n",
       "      <th>2012-05-25</th>\n",
       "      <td>0.001731</td>\n",
       "      <td>-0.003661</td>\n",
       "      <td>0.003509</td>\n",
       "      <td>-0.005360</td>\n",
       "      <td>-0.000344</td>\n",
       "      <td>0.023948</td>\n",
       "      <td>-0.016674</td>\n",
       "      <td>0.001064</td>\n",
       "      <td>-0.010919</td>\n",
       "      <td>0.005278</td>\n",
       "      <td>0.006484</td>\n",
       "      <td>0.005403</td>\n",
       "      <td>0.001902</td>\n",
       "      <td>-0.033909</td>\n",
       "      <td>0.033223</td>\n",
       "      <td>-0.010918</td>\n",
       "      <td>-0.013982</td>\n",
       "      <td>-0.014775</td>\n",
       "      <td>-0.020094</td>\n",
       "      <td>0.001340</td>\n",
       "    </tr>\n",
       "    <tr>\n",
       "      <th>2012-05-29</th>\n",
       "      <td>0.014513</td>\n",
       "      <td>0.015922</td>\n",
       "      <td>0.013597</td>\n",
       "      <td>0.017749</td>\n",
       "      <td>0.017206</td>\n",
       "      <td>0.025806</td>\n",
       "      <td>0.023316</td>\n",
       "      <td>0.003189</td>\n",
       "      <td>0.020151</td>\n",
       "      <td>0.019619</td>\n",
       "      <td>0.015623</td>\n",
       "      <td>-0.008912</td>\n",
       "      <td>0.014240</td>\n",
       "      <td>-0.096208</td>\n",
       "      <td>0.038585</td>\n",
       "      <td>0.008737</td>\n",
       "      <td>0.005049</td>\n",
       "      <td>0.009253</td>\n",
       "      <td>0.004750</td>\n",
       "      <td>0.009368</td>\n",
       "    </tr>\n",
       "    <tr>\n",
       "      <th>...</th>\n",
       "      <td>...</td>\n",
       "      <td>...</td>\n",
       "      <td>...</td>\n",
       "      <td>...</td>\n",
       "      <td>...</td>\n",
       "      <td>...</td>\n",
       "      <td>...</td>\n",
       "      <td>...</td>\n",
       "      <td>...</td>\n",
       "      <td>...</td>\n",
       "      <td>...</td>\n",
       "      <td>...</td>\n",
       "      <td>...</td>\n",
       "      <td>...</td>\n",
       "      <td>...</td>\n",
       "      <td>...</td>\n",
       "      <td>...</td>\n",
       "      <td>...</td>\n",
       "      <td>...</td>\n",
       "      <td>...</td>\n",
       "    </tr>\n",
       "    <tr>\n",
       "      <th>2021-12-23</th>\n",
       "      <td>0.002514</td>\n",
       "      <td>0.012189</td>\n",
       "      <td>0.006671</td>\n",
       "      <td>0.003644</td>\n",
       "      <td>0.004472</td>\n",
       "      <td>0.008163</td>\n",
       "      <td>0.008153</td>\n",
       "      <td>0.006412</td>\n",
       "      <td>0.004878</td>\n",
       "      <td>0.002148</td>\n",
       "      <td>0.007363</td>\n",
       "      <td>0.001345</td>\n",
       "      <td>0.010000</td>\n",
       "      <td>0.014495</td>\n",
       "      <td>0.015707</td>\n",
       "      <td>0.000184</td>\n",
       "      <td>0.008672</td>\n",
       "      <td>0.012912</td>\n",
       "      <td>0.001317</td>\n",
       "      <td>0.003618</td>\n",
       "    </tr>\n",
       "    <tr>\n",
       "      <th>2021-12-27</th>\n",
       "      <td>0.023693</td>\n",
       "      <td>0.018305</td>\n",
       "      <td>0.012278</td>\n",
       "      <td>0.022975</td>\n",
       "      <td>0.023186</td>\n",
       "      <td>0.044028</td>\n",
       "      <td>0.024262</td>\n",
       "      <td>0.026836</td>\n",
       "      <td>0.008638</td>\n",
       "      <td>0.016275</td>\n",
       "      <td>0.018905</td>\n",
       "      <td>0.020384</td>\n",
       "      <td>0.014150</td>\n",
       "      <td>0.032633</td>\n",
       "      <td>0.056247</td>\n",
       "      <td>-0.008178</td>\n",
       "      <td>-0.000749</td>\n",
       "      <td>-0.005219</td>\n",
       "      <td>0.006263</td>\n",
       "      <td>0.025782</td>\n",
       "    </tr>\n",
       "    <tr>\n",
       "      <th>2021-12-28</th>\n",
       "      <td>-0.003857</td>\n",
       "      <td>0.001734</td>\n",
       "      <td>-0.003466</td>\n",
       "      <td>-0.005767</td>\n",
       "      <td>-0.003504</td>\n",
       "      <td>-0.020133</td>\n",
       "      <td>-0.001184</td>\n",
       "      <td>-0.004580</td>\n",
       "      <td>0.001557</td>\n",
       "      <td>-0.006212</td>\n",
       "      <td>-0.003161</td>\n",
       "      <td>-0.011034</td>\n",
       "      <td>-0.014402</td>\n",
       "      <td>0.000116</td>\n",
       "      <td>-0.007839</td>\n",
       "      <td>0.005844</td>\n",
       "      <td>0.001304</td>\n",
       "      <td>0.010320</td>\n",
       "      <td>-0.010914</td>\n",
       "      <td>-0.009159</td>\n",
       "    </tr>\n",
       "    <tr>\n",
       "      <th>2021-12-29</th>\n",
       "      <td>-0.001518</td>\n",
       "      <td>0.006768</td>\n",
       "      <td>0.001352</td>\n",
       "      <td>0.000502</td>\n",
       "      <td>0.002051</td>\n",
       "      <td>-0.010586</td>\n",
       "      <td>0.003162</td>\n",
       "      <td>-0.002693</td>\n",
       "      <td>-0.010388</td>\n",
       "      <td>0.006537</td>\n",
       "      <td>-0.006977</td>\n",
       "      <td>-0.003562</td>\n",
       "      <td>-0.000123</td>\n",
       "      <td>-0.009474</td>\n",
       "      <td>-0.031929</td>\n",
       "      <td>-0.008555</td>\n",
       "      <td>0.001414</td>\n",
       "      <td>0.003405</td>\n",
       "      <td>0.000386</td>\n",
       "      <td>0.003466</td>\n",
       "    </tr>\n",
       "    <tr>\n",
       "      <th>2021-12-30</th>\n",
       "      <td>-0.007337</td>\n",
       "      <td>-0.005316</td>\n",
       "      <td>-0.001736</td>\n",
       "      <td>-0.006578</td>\n",
       "      <td>-0.007691</td>\n",
       "      <td>-0.013833</td>\n",
       "      <td>0.001182</td>\n",
       "      <td>-0.007206</td>\n",
       "      <td>0.002571</td>\n",
       "      <td>-0.004216</td>\n",
       "      <td>-0.003390</td>\n",
       "      <td>0.003104</td>\n",
       "      <td>0.002178</td>\n",
       "      <td>0.004141</td>\n",
       "      <td>-0.020977</td>\n",
       "      <td>-0.003289</td>\n",
       "      <td>-0.000830</td>\n",
       "      <td>-0.005260</td>\n",
       "      <td>-0.003427</td>\n",
       "      <td>-0.007043</td>\n",
       "    </tr>\n",
       "  </tbody>\n",
       "</table>\n",
       "<p>2419 rows × 20 columns</p>\n",
       "</div>"
      ],
      "text/plain": [
       "                 TXN      CSCO      INTC      AAPL      MSFT      NVDA  \\\n",
       "Date                                                                     \n",
       "2012-05-22 -0.004071  0.003599 -0.004589 -0.007679  0.000336 -0.012205   \n",
       "2012-05-23 -0.007493 -0.002391 -0.022666  0.024400 -0.021841  0.024712   \n",
       "2012-05-24 -0.008579 -0.017975  0.008255 -0.009184 -0.001374 -0.026527   \n",
       "2012-05-25  0.001731 -0.003661  0.003509 -0.005360 -0.000344  0.023948   \n",
       "2012-05-29  0.014513  0.015922  0.013597  0.017749  0.017206  0.025806   \n",
       "...              ...       ...       ...       ...       ...       ...   \n",
       "2021-12-23  0.002514  0.012189  0.006671  0.003644  0.004472  0.008163   \n",
       "2021-12-27  0.023693  0.018305  0.012278  0.022975  0.023186  0.044028   \n",
       "2021-12-28 -0.003857  0.001734 -0.003466 -0.005767 -0.003504 -0.020133   \n",
       "2021-12-29 -0.001518  0.006768  0.001352  0.000502  0.002051 -0.010586   \n",
       "2021-12-30 -0.007337 -0.005316 -0.001736 -0.006578 -0.007691 -0.013833   \n",
       "\n",
       "                INFY      INTU       SAP       ADI      ANSS       CRM  \\\n",
       "Date                                                                     \n",
       "2012-05-22  0.013178  0.013394 -0.001701 -0.001952  0.012295  0.002684   \n",
       "2012-05-23 -0.011189  0.008573  0.001874 -0.003352  0.005992  0.007762   \n",
       "2012-05-24  0.017916 -0.001416 -0.018707  0.008969 -0.006922 -0.029214   \n",
       "2012-05-25 -0.016674  0.001064 -0.010919  0.005278  0.006484  0.005403   \n",
       "2012-05-29  0.023316  0.003189  0.020151  0.019619  0.015623 -0.008912   \n",
       "...              ...       ...       ...       ...       ...       ...   \n",
       "2021-12-23  0.008153  0.006412  0.004878  0.002148  0.007363  0.001345   \n",
       "2021-12-27  0.024262  0.026836  0.008638  0.016275  0.018905  0.020384   \n",
       "2021-12-28 -0.001184 -0.004580  0.001557 -0.006212 -0.003161 -0.011034   \n",
       "2021-12-29  0.003162 -0.002693 -0.010388  0.006537 -0.006977 -0.003562   \n",
       "2021-12-30  0.001182 -0.007206  0.002571 -0.004216 -0.003390  0.003104   \n",
       "\n",
       "                ADBE        FB       AMD      AMZN        MA       VMW  \\\n",
       "Date                                                                     \n",
       "2012-05-22  0.000000 -0.089039 -0.022222 -0.012746  0.006966 -0.004735   \n",
       "2012-05-23  0.005311  0.032258 -0.012987  0.009056  0.008828  0.006244   \n",
       "2012-05-24 -0.019888  0.032187 -0.009868 -0.009389  0.006570 -0.059988   \n",
       "2012-05-25  0.001902 -0.033909  0.033223 -0.010918 -0.013982 -0.014775   \n",
       "2012-05-29  0.014240 -0.096208  0.038585  0.008737  0.005049  0.009253   \n",
       "...              ...       ...       ...       ...       ...       ...   \n",
       "2021-12-23  0.010000  0.014495  0.015707  0.000184  0.008672  0.012912   \n",
       "2021-12-27  0.014150  0.032633  0.056247 -0.008178 -0.000749 -0.005219   \n",
       "2021-12-28 -0.014402  0.000116 -0.007839  0.005844  0.001304  0.010320   \n",
       "2021-12-29 -0.000123 -0.009474 -0.031929 -0.008555  0.001414  0.003405   \n",
       "2021-12-30  0.002178  0.004141 -0.020977 -0.003289 -0.000830 -0.005260   \n",
       "\n",
       "                GOOG      SNPS  \n",
       "Date                            \n",
       "2012-05-22 -0.021674  0.000000  \n",
       "2012-05-23  0.014414  0.005706  \n",
       "2012-05-24 -0.009517  0.058511  \n",
       "2012-05-25 -0.020094  0.001340  \n",
       "2012-05-29  0.004750  0.009368  \n",
       "...              ...       ...  \n",
       "2021-12-23  0.001317  0.003618  \n",
       "2021-12-27  0.006263  0.025782  \n",
       "2021-12-28 -0.010914 -0.009159  \n",
       "2021-12-29  0.000386  0.003466  \n",
       "2021-12-30 -0.003427 -0.007043  \n",
       "\n",
       "[2419 rows x 20 columns]"
      ]
     },
     "execution_count": 5,
     "metadata": {},
     "output_type": "execute_result"
    }
   ],
   "source": [
    "#Calculate the daily returns of the stocks in the portfolio\n",
    "returns = pf_data.pct_change(1).dropna()\n",
    "returns"
   ]
  },
  {
   "cell_type": "markdown",
   "metadata": {},
   "source": [
    "I expected the stocks in this portfolio to have a large number of positive correlations considering they are all part of the same sector in fact no pair is negatively correlated\n",
    "\n",
    "\n",
    "The top 3 most correlated stocks are: \n",
    "Analog devices and Texas Instruments which have a strong positive correlation with 0.80 both companies are in the business of designing and fabrication of semiconductors and semiconductor devices which is a sub-industry of the overall technology sector, \n",
    "\n",
    "The other two sets of stocks have a moderate positive correlation which is Ansys Inc, and Synopsys inc with 0.69 and Synopsys inc again but this time with financial software company Intuit inc with 0.66\n"
   ]
  },
  {
   "cell_type": "code",
   "execution_count": 6,
   "metadata": {},
   "outputs": [
    {
     "data": {
      "application/vnd.plotly.v1+json": {
       "config": {
        "plotlyServerURL": "https://plot.ly"
       },
       "data": [
        {
         "coloraxis": "coloraxis",
         "hovertemplate": "x: %{x}<br>y: %{y}<br>color: %{z}<extra></extra>",
         "name": "0",
         "type": "heatmap",
         "x": [
          "TXN",
          "CSCO",
          "INTC",
          "AAPL",
          "MSFT",
          "NVDA",
          "INFY",
          "INTU",
          "SAP",
          "ADI",
          "ANSS",
          "CRM",
          "ADBE",
          "FB",
          "AMD",
          "AMZN",
          "MA",
          "VMW",
          "GOOG",
          "SNPS"
         ],
         "xaxis": "x",
         "y": [
          "TXN",
          "CSCO",
          "INTC",
          "AAPL",
          "MSFT",
          "NVDA",
          "INFY",
          "INTU",
          "SAP",
          "ADI",
          "ANSS",
          "CRM",
          "ADBE",
          "FB",
          "AMD",
          "AMZN",
          "MA",
          "VMW",
          "GOOG",
          "SNPS"
         ],
         "yaxis": "y",
         "z": [
          [
           1,
           0.5597617174563828,
           0.6568450093396933,
           0.5385683863417994,
           0.6044683391215055,
           0.6095091048899761,
           0.3922734748795694,
           0.5740725591982928,
           0.5026251835518059,
           0.8039907610257718,
           0.6017045887785449,
           0.4792170990613042,
           0.5600826649500293,
           0.3770926895552648,
           0.4301568868259354,
           0.4453557418641648,
           0.5592897918072747,
           0.4111466743912398,
           0.5218965359389063,
           0.6144327750650426
          ],
          [
           0.5597617174563828,
           1,
           0.5317481512379172,
           0.47221590405398906,
           0.5658715143694091,
           0.4412312933348356,
           0.3625536279341409,
           0.5177334705676521,
           0.46569546457156885,
           0.5186762506949858,
           0.4934471709354314,
           0.45168463228132466,
           0.4903551444753558,
           0.30681434276655356,
           0.2906928720245254,
           0.3866777251861366,
           0.5376105203228484,
           0.4347057408546201,
           0.46641799283633106,
           0.5120408238624864
          ],
          [
           0.6568450093396933,
           0.5317481512379172,
           1,
           0.4704050086376054,
           0.5823959471043805,
           0.5004502507712512,
           0.35550187215547435,
           0.5129520376858863,
           0.45143107822745066,
           0.601354946357034,
           0.5137936860451332,
           0.3922007478563016,
           0.482391511627934,
           0.33469084251815695,
           0.3309073438806456,
           0.37579125795782464,
           0.48675145272674986,
           0.37365832006843824,
           0.4621065578977945,
           0.5224686146949545
          ],
          [
           0.5385683863417994,
           0.47221590405398906,
           0.4704050086376054,
           1,
           0.5773001618183182,
           0.4792367416076997,
           0.32861509168817293,
           0.5151472361194805,
           0.4319731019442767,
           0.5108867440802048,
           0.519105203121214,
           0.4289548885821081,
           0.505754055654393,
           0.41091529941517724,
           0.33160290493329275,
           0.46001761692835325,
           0.5063183986791906,
           0.3320259680496288,
           0.5208461393279505,
           0.5239899751754106
          ],
          [
           0.6044683391215055,
           0.5658715143694091,
           0.5823959471043805,
           0.5773001618183182,
           1,
           0.5497120914621766,
           0.36704530466794016,
           0.6522566720629394,
           0.5236298063605471,
           0.5580737548958343,
           0.618732891119481,
           0.554810316513652,
           0.6627200290845582,
           0.4264866733981781,
           0.3473047885544332,
           0.5572486873238287,
           0.6018274941164168,
           0.421560438100027,
           0.6523461630421256,
           0.6381954910490936
          ],
          [
           0.6095091048899761,
           0.4412312933348356,
           0.5004502507712512,
           0.4792367416076997,
           0.5497120914621766,
           1,
           0.2990575673100563,
           0.530265821881245,
           0.40750508476176434,
           0.5886656459248034,
           0.5325377866529323,
           0.47181110972481083,
           0.539807082839306,
           0.37348294609506466,
           0.49209077957825326,
           0.43964627129144657,
           0.4787212996504499,
           0.3598776371059677,
           0.48272614880751014,
           0.5706323202857747
          ],
          [
           0.3922734748795694,
           0.3625536279341409,
           0.35550187215547435,
           0.32861509168817293,
           0.36704530466794016,
           0.2990575673100563,
           1,
           0.40343451435072325,
           0.36981077410634383,
           0.3666230228644807,
           0.37545247874673854,
           0.32182903648240413,
           0.3509574167402598,
           0.23678621848289153,
           0.2350119297485493,
           0.24829841537552194,
           0.4102933469211399,
           0.27381877706097263,
           0.33040217588635706,
           0.3757237493608855
          ],
          [
           0.5740725591982928,
           0.5177334705676521,
           0.5129520376858863,
           0.5151472361194805,
           0.6522566720629394,
           0.530265821881245,
           0.40343451435072325,
           1,
           0.4938216954010882,
           0.5477540485589437,
           0.6373624577874949,
           0.553617525433618,
           0.6446336884751541,
           0.4088061313943687,
           0.34374974223957966,
           0.4617141932013732,
           0.638825569487615,
           0.39494792182133087,
           0.5556924955671237,
           0.6729015772275817
          ],
          [
           0.5026251835518059,
           0.46569546457156885,
           0.45143107822745066,
           0.4319731019442767,
           0.5236298063605471,
           0.40750508476176434,
           0.36981077410634383,
           0.4938216954010882,
           1,
           0.48056720905455397,
           0.5023740274265197,
           0.4531606675993803,
           0.5078561751737851,
           0.3309407468636085,
           0.30907136084979314,
           0.3981403490221771,
           0.5244236688954741,
           0.39013956109672954,
           0.46168697501237677,
           0.49890720545474543
          ],
          [
           0.8039907610257718,
           0.5186762506949858,
           0.601354946357034,
           0.5108867440802048,
           0.5580737548958343,
           0.5886656459248034,
           0.3666230228644807,
           0.5477540485589437,
           0.48056720905455397,
           1,
           0.5802903816676918,
           0.46992918950968504,
           0.5467726811903175,
           0.36107789970872145,
           0.4158298389492566,
           0.39684893291327245,
           0.5549086409147764,
           0.3873103029653194,
           0.4909420948017602,
           0.5964476322285435
          ],
          [
           0.6017045887785449,
           0.4934471709354314,
           0.5137936860451332,
           0.519105203121214,
           0.618732891119481,
           0.5325377866529323,
           0.37545247874673854,
           0.6373624577874949,
           0.5023740274265197,
           0.5802903816676918,
           1,
           0.5542798770719637,
           0.6439852525934062,
           0.3801664815811673,
           0.36135077513264,
           0.4828923393869661,
           0.5861370971455612,
           0.40951587128138484,
           0.544689025848744,
           0.6980404237736639
          ],
          [
           0.4792170990613042,
           0.45168463228132466,
           0.3922007478563016,
           0.4289548885821081,
           0.554810316513652,
           0.47181110972481083,
           0.32182903648240413,
           0.553617525433618,
           0.4531606675993803,
           0.46992918950968504,
           0.5542798770719637,
           1,
           0.6379131224339855,
           0.4433892941870151,
           0.3156067521844006,
           0.485482793212105,
           0.5338072394900465,
           0.42301548675281003,
           0.5045979820283281,
           0.5471381532934606
          ],
          [
           0.5600826649500293,
           0.4903551444753558,
           0.482391511627934,
           0.505754055654393,
           0.6627200290845582,
           0.539807082839306,
           0.3509574167402598,
           0.6446336884751541,
           0.5078561751737851,
           0.5467726811903175,
           0.6439852525934062,
           0.6379131224339855,
           1,
           0.44905022615748713,
           0.36181898975398114,
           0.5449917331258501,
           0.5707548989652593,
           0.4251471282501415,
           0.5794702428979827,
           0.6540412559797785
          ],
          [
           0.3770926895552648,
